s  1 Sadie      40SA57
s  2 Tisha      41TI44
s  3 Von        91VO19
s  4 Gianna     95GI87
s  5 Leesa      55LE49
s  6 Darwin     20DA34
s  7 Lanora     84LA51
s  8 Breanna    11BR79
s  9 Cary       76CA72
s 10 Nena       21NE99
s 11 Jen        63JE52
s 12 Mitchell   15MI17
s 13 Shelton    70SH51
s 14 Alpha      87AL44
s 15 Angelena   34AN47
s 16 Georgianne 23GE88
s 17 Soledad    67SO51
s 18 Josphine   18JO66
s 19 Loralee    31LO62
s 20 Robbi      34RO26
b  6 83.99 70.66        3 58.07 43.45 73.22
a 14 84.82 83.52 94.26  6 77.54 57.76 71.46	69.68	63.33	77.16
b 13 87.36 95.4         6 64.23 58.14 45.84	42.12	89.38	54.46
a 12 75.05 98.25 72.33  3 81.1  69.05 51.88
a  2 87.95 83.79 89.57  5 62.1  85.3  50	59.16	64.51
b 11 72.64 79.98        6 64.66 77.24 99.53	58.27	73.75	87.31
a 16 70.41 82.86 84.11  4 42.28 87.77 79.06	50.74
a  3 92.6  86.84 81.35  3 43.27 70.42 44.69
b  7 92.09 71.51        4 69.13 40.48 59.75	77.24
b 18 79.46 74           3 80.68 74.53 59.69
b 20 98.53 84.06        3 94.65 88.28 89.66
b 10 81.77 86.97        6 46.48 58.37 40.26	69.96	45.11	67.14
a  5 98.61 92.03 74.05  4 85.46 41.78 54.02	55.28
b 15 94.65 82.95        3 99.61 91.04 59.55
b 19 77.65 74.42        4 44.77 45.54 49.42	49.22
a  4 98.7  98.61 84.36  4 90.01 98.19 58.69	46.24
a  9 76.3  89.98 79.52  6 96.17 87.33 87.69	66.37	85.98	98.92
a  1 72.98 78.46 71.95  3 43.15 86.32 93.62
a 17 72.77 77.06 77.75  4 88.62 66.83 97.21	52.17
b  8 71.46 98.77        4 94.88 80.03 57.62	45.71
