s AGM.A 28.76 28.76 28.76 100
n AB    20.68 20.2  20.24 215299   0.16 0.78
p A     48.67 48.04 48.51 1386029  0.56 1.17
s ACW    5.6   5.49  5.5  93487
n AAT   30.53 29.43 29.63 33023    0.24 0.8
n ABX   18.86 18.28 18.42 16114058 0.78 4.06
s AGO-F 20.8  20    20.25 2137
s ABM   25.79 25.5  25.67 102297
p ABB   22.84 22.65 22.79 1125352  0.18 0.8
n AA     8.1   7.96  8.07 24092184 0.01 0.12
p AAP   81.26 79.93 81.02 617326   1.38 1.73
p AAN   27.1  26.78 27.05 291685   0.15 0.56
p ABC   59.5  58.89 59.29 762445   0.63 1.07
p AAV   3.99   3.86  3.95 121557   0.07 1.8
n ABW-B 27.2  26.61 26.9  4462     0.3  1.1
p ABV.C 36.87 36.25 36.71 17693    0.37 1.02
p ABT   34.19 33.98 34.05 5099797  0.25 0.74
p ABG   54.39 53.23 53.79 128707   0.83 1.57
p ABR   7.27   7.03  7.19 166796   0.04 0.56
p ABV   36.82 36.22 36.56 2825185  0.4  1.11
p ABR-A 24.62 24.4  24.45 1700     0.05 0.2
p ABBV  44.82 44.1  44.59 2729386  0.16 0.36
p ABR-B 23.74 23.71 23.71 1068     0.32 1.37
